6
783
-20.5
0.75
-20.0
0.0
-20.0
-2.75
-4.0
-2.75
-3.5
-3.25
-3.5
-5.0
-4.0
-5.5
-12.0
-5.5
-12.0
-8.25
-12.5
-8.75
-14.5
-8.75
-15.0
-8.25
-15.0
-5.5
-16.5
-5.5
-16.5
-8.75
-16.5
-12.25
-16.5
-13.75
-17.0
-14.25
-18.75
-14.25
-19.25
-13.5
-19.25
-8.5
-19.25
-5.5
-22.25
-5.5
-23.0
-4.5
-23.0
-2.0
-25.25
-2.0
-25.25
-5.75
-21.75
-5.75
-21.25
-6.25
-21.25
-8.0
-21.75
-8.5
-27.5
-8.5
-28.25
-7.5
-28.25
-3.75
-28.25
-2.0
-37.75
-2.0
-37.75
-3.75
-37.75
-13.0
-37.75
-22.0
-37.75
-27.0
-36.75
-27.0
-36.75
-23.75
-36.25
-23.25
-31.75
-23.25
-31.75
-22.0
-31.75
-17.0
-33.5
-17.0
-33.5
-21.5
-34.0
-22.0
-36.0
-22.0
-36.5
-21.5
-36.5
-14.75
-36.0
-14.25
-31.75
-14.25
-31.75
-13.0
-31.75
-9.5
-33.25
-9.5
-33.25
-12.5
-33.75
-13.0
-35.75
-13.0
-36.25
-12.5
-36.25
-4.25
-35.75
-3.75
-33.75
-3.75
-33.25
-4.25
-33.25
-6.75
-29.5
-6.75
-29.0
-7.25
-29.0
-8.5
-29.0
-9.5
-21.5
-9.5
-21.0
-10.0
-21.0
-11.75
-21.5
-12.25
-29.0
-12.25
-29.0
-13.5
-29.0
-20.75
-25.25
-20.75
-24.75
-21.25
-24.75
-23.0
-25.25
-23.5
-29.0
-23.5
-29.0
-24.25
-29.0
-25.25
-29.0
-29.25
-29.5
-29.75
-31.25
-29.75
-31.75
-29.25
-31.75
-26.0
-33.75
-26.0
-33.75
-29.25
-34.25
-29.75
-37.75
-29.75
-37.75
-30.75
-37.75
-38.0
-21.0
-38.0
-21.0
-36.5
-36.0
-36.5
-36.5
-36.0
-36.5
-34.25
-36.0
-33.75
-33.75
-33.75
-33.75
-31.25
-33.25
-30.75
-31.25
-30.75
-30.75
-31.25
-30.75
-33.75
-26.0
-33.75
-26.0
-30.75
-26.0
-29.75
-26.0
-28.0
-27.25
-28.0
-27.75
-27.5
-27.75
-25.75
-27.25
-25.25
-21.75
-25.25
-21.25
-25.75
-21.25
-27.5
-21.75
-28.0
-23.0
-28.0
-23.0
-33.75
-16.5
-33.75
-16.0
-34.25
-16.0
-36.0
-16.5
-36.5
-18.0
-36.5
-18.0
-37.0
-18.0
-38.0
-10.75
-38.0
-10.75
-37.0
-10.75
-35.25
-10.25
-34.75
-8.25
-34.75
-7.75
-36.25
-7.75
-38.0
0.0
-38.0
6.25
-38.0
6.25
-36.5
3.75
-36.5
3.25
-36.0
3.25
-34.25
3.75
-33.75
14.0
-33.75
14.0
-29.5
14.0
-28.0
12.5
-28.0
12.0
-27.5
12.0
-25.75
12.5
-25.25
18.0
-25.25
18.5
-25.75
18.5
-27.5
18.0
-28.0
16.75
-28.0
16.75
-29.5
25.0
-29.5
25.0
-27.25
20.75
-27.25
20.25
-26.75
20.25
-25.25
20.75
-24.5
25.0
-24.25
25.0
-17.0
21.5
-17.0
20.75
-16.0
20.75
-13.5
20.75
-8.5
20.75
-5.5
17.5
-5.5
17.0
-5.0
17.25
0.0
19.25
0.25
18.75
0.75
18.75
3.75
3.75
3.75
3.25
4.25
3.25
6.0
3.75
6.5
6.25
6.5
6.25
9.0
6.75
9.5
8.75
9.5
9.25
9.0
9.25
6.5
14.0
6.5
14.0
9.5
14.0
10.5
14.0
12.0
12.5
12.0
12.0
12.5
12.0
14.25
12.5
14.75
18.0
14.75
18.5
14.25
18.5
12.5
18.0
12.0
16.75
12.0
16.75
6.5
23.5
6.5
24.0
6.0
24.0
4.25
23.5
3.75
21.75
3.75
21.75
3.25
21.75
0.75
21.25
0.25
19.5
0.25
19.75
0.0
20.0
-2.75
36.0
-2.75
36.5
-3.25
36.5
-5.0
36.0
-5.5
27.75
-5.5
27.75
-8.25
27.25
-8.75
25.5
-8.75
25.0
-8.25
25.0
-5.5
23.25
-5.5
23.25
-8.75
23.25
-12.0
23.25
-14.25
31.25
-14.25
31.75
-14.75
31.75
-16.25
31.25
-17.0
27.75
-17.0
27.75
-27.75
27.75
-29.5
34.0
-29.5
34.5
-30.0
34.5
-31.75
34.0
-32.25
27.75
-32.25
27.75
-34.5
27.75
-36.25
27.25
-36.75
25.5
-36.75
25.0
-36.25
25.0
-32.25
16.75
-32.25
16.75
-33.75
23.5
-33.75
24.0
-34.25
24.0
-36.0
23.5
-36.5
9.25
-36.75
9.25
-38.0
15.75
-38.0
16.25
-39.0
18.75
-39.0
19.25
-38.0
29.25
-38.0
29.25
-36.75
29.25
-35.0
29.75
-34.5
31.75
-34.5
32.25
-35.0
32.25
-38.0
37.5
-38.0
37.5
-34.5
37.5
-27.75
37.5
-22.25
31.75
-22.25
31.75
-27.25
31.25
-27.75
29.5
-27.75
29.0
-27.25
29.0
-20.0
29.5
-19.5
37.5
-19.5
37.5
-16.25
37.5
-10.5
37.5
-9.0
32.25
-9.0
32.25
-10.5
31.75
-12.0
25.25
-12.0
24.75
-11.5
24.75
-9.75
25.25
-9.25
29.5
-9.25
29.5
-8.75
29.5
-6.75
30.0
-6.25
37.5
-6.25
37.5
-2.0
22.5
-2.0
22.0
-1.5
22.0
0.0
22.5
0.75
29.25
0.75
29.25
3.25
29.75
4.5
31.75
4.5
32.25
4.0
32.25
0.75
37.5
0.75
37.5
4.0
37.5
14.75
37.5
17.75
31.75
17.75
31.75
14.75
31.75
12.75
31.25
12.25
29.5
12.25
29.0
12.75
29.0
20.0
29.5
20.5
37.5
20.5
37.5
27.0
35.75
27.0
35.75
23.5
35.25
23.0
27.75
23.0
27.75
12.25
27.75
10.75
33.25
10.75
33.25
12.25
33.25
14.25
33.75
14.75
35.75
14.75
36.25
14.25
36.25
4.5
35.75
4.0
33.75
4.0
33.25
4.5
33.25
8.0
27.75
8.0
27.75
4.5
27.25
3.25
25.5
3.25
25.0
3.75
25.0
8.0
18.75
8.0
18.25
8.5
18.25
10.25
18.75
10.75
25.0
10.75
25.0
12.75
20.75
12.75
20.25
13.25
20.25
14.75
20.75
15.5
25.0
15.5
25.0
16.0
25.0
25.25
25.5
25.75
32.75
26.0
32.75
28.0
32.75
29.25
33.25
29.75
37.5
29.75
37.5
31.25
32.25
31.25
32.25
28.5
31.75
28.0
25.25
28.0
24.75
28.5
24.75
30.25
25.25
30.75
29.5
30.75
29.5
31.5
29.5
33.5
30.0
34.0
37.5
34.0
37.5
38.25
20.0
38.25
20.0
37.5
36.0
37.5
36.5
37.0
36.5
35.25
36.0
34.75
27.75
34.75
27.75
32.0
27.25
31.5
25.5
31.5
25.0
32.0
25.0
34.75
23.25
34.75
23.25
31.5
23.25
28.0
23.25
26.5
22.75
26.0
21.25
26.0
20.75
26.75
20.75
31.75
20.75
34.75
17.5
34.75
17.0
35.25
17.0
38.25
14.5
38.25
14.5
34.5
18.25
34.5
18.75
34.0
18.75
32.25
18.25
31.75
12.25
31.75
11.75
32.25
11.75
36.5
11.75
38.25
1.25
38.25
1.25
36.5
1.25
27.25
1.25
18.25
1.25
13.25
3.25
13.25
3.25
16.5
3.75
17.0
8.0
17.0
8.0
18.25
8.0
23.0
6.25
23.0
6.25
18.75
5.75
18.25
4.0
18.25
3.5
18.75
3.25
25.25
3.75
25.75
8.0
25.75
8.0
27.25
8.0
30.75
6.5
30.75
6.5
27.75
6.0
27.25
4.25
27.25
3.75
27.75
3.75
36.0
4.25
36.5
6.0
36.5
6.5
36.0
6.5
33.5
10.5
33.5
11.0
33.0
11.0
31.75
11.0
30.75
18.25
30.75
18.75
30.25
18.75
28.5
18.25
28.0
11.0
28.0
11.0
26.75
11.0
19.5
14.5
19.5
15.0
19.0
15.0
17.25
14.5
16.75
11.0
16.75
11.0
16.0
11.0
14.75
11.0
11.0
10.5
10.5
8.5
10.5
8.0
11.0
8.0
14.25
6.25
14.25
6.25
11.0
5.75
10.5
1.25
10.5
1.25
9.5
1.25
0.75
14.0
0.75
14.5
0.0
14.5
-5.75
18.25
-5.75
18.75
-6.25
18.75
-8.0
18.25
-8.5
12.25
-8.5
11.75
-8.0
11.75
-3.5
11.75
-2.0
1.25
-2.0
1.25
-3.5
1.25
-12.75
1.25
-21.75
1.25
-27.0
3.25
-27.0
3.25
-23.75
3.75
-23.25
8.0
-23.25
8.0
-21.75
8.0
-17.0
6.25
-17.0
6.25
-21.25
5.75
-21.75
4.0
-21.75
3.5
-21.25
3.25
-14.75
3.75
-14.25
8.0
-14.25
8.0
-12.75
8.0
-9.5
6.5
-9.5
6.5
-12.25
6.0
-12.75
4.25
-12.75
3.75
-12.25
3.75
-4.0
4.25
-3.5
6.0
-3.5
6.5
-4.0
6.5
-6.75
10.5
-6.75
11.0
-7.25
11.0
-8.5
11.0
-9.25
18.25
-9.25
18.75
-9.75
18.75
-11.5
18.25
-12.0
11.0
-12.0
11.0
-13.5
11.0
-20.5
14.5
-20.5
15.0
-21.0
15.0
-22.75
14.5
-23.25
11.0
-23.25
11.0
-24.25
11.0
-25.25
11.0
-29.0
10.5
-29.5
8.5
-29.5
8.0
-29.0
8.0
-26.0
6.25
-26.0
6.0
-29.5
1.25
-29.75
1.25
-34.75
0.0
-35.25
-1.25
-35.25
-1.75
-34.75
-1.75
-25.5
-1.75
-22.5
-8.0
-22.5
-8.0
-25.5
-8.0
-27.5
-8.5
-28.0
-10.5
-28.0
-11.0
-27.5
-11.0
-20.25
-10.5
-19.75
-1.75
-19.75
-1.75
-13.25
-4.25
-13.25
-4.25
-16.75
-4.75
-17.25
-12.25
-17.25
-12.25
-28.0
-12.25
-29.5
-6.75
-29.5
-6.75
-28.0
-6.75
-26.0
-6.25
-25.5
-4.0
-25.5
-3.5
-26.0
-3.5
-35.75
-4.0
-36.25
-6.25
-36.25
-6.75
-34.75
-6.75
-32.25
-12.25
-32.25
-12.25
-34.75
-12.25
-36.5
-12.75
-37.0
-14.5
-37.0
-15.0
-36.5
-15.0
-32.25
-21.25
-32.25
-21.75
-31.75
-21.75
-30.0
-21.25
-29.5
-15.0
-29.5
-15.0
-27.5
-19.25
-27.5
-19.75
-27.0
-19.75
-25.25
-19.25
-24.75
-15.0
-24.75
-15.0
-24.25
-15.0
-15.0
-14.5
-14.5
-7.0
-14.25
-7.0
-12.25
-7.0
-11.0
-6.5
-10.5
-1.75
-10.5
-1.75
-9.0
-7.5
-9.0
-7.5
-11.75
-8.0
-12.25
-14.5
-12.25
-15.0
-11.75
-15.0
-10.0
-14.5
-9.5
-10.5
-9.5
-10.5
-8.75
-10.5
-6.75
-10.0
-6.25
-1.75
-6.25
-1.75
-2.0
-17.5
-2.0
-18.0
-1.5
-18.0
0.0
-17.5
0.75
-10.75
0.75
-10.75
3.25
-10.75
5.0
-10.25
5.5
-8.25
5.5
-7.75
4.0
-7.75
0.75
-1.75
0.75
-1.75
4.0
-1.75
14.75
-1.75
17.75
-8.0
17.75
-8.0
14.75
-8.0
12.75
-8.5
12.25
-10.5
12.25
-11.0
12.75
-10.75
20.0
-10.25
20.5
-1.75
20.5
-1.75
27.0
-4.25
27.0
-4.25
23.5
-4.75
23.0
-12.25
23.0
-12.25
12.25
-12.25
10.75
-6.75
10.75
-6.75
12.25
-6.75
14.25
-6.25
14.75
-4.0
14.75
-3.5
14.25
-3.5
4.5
-4.0
4.0
-6.25
4.0
-6.75
5.5
-6.75
8.0
-12.25
8.0
-12.25
5.5
-12.25
3.75
-12.75
3.25
-14.5
3.25
-15.0
3.75
-15.0
8.0
-21.25
8.0
-21.75
8.5
-21.75
10.25
-21.25
10.75
-15.0
10.75
-15.0
12.75
-19.25
12.75
-19.75
13.25
-19.75
15.0
-19.25
15.5
-15.0
15.5
-15.0
16.0
-15.0
25.25
-14.5
25.75
-7.0
26.0
-7.0
28.0
-7.0
29.25
-6.5
29.75
-1.75
29.75
-1.75
31.25
-7.5
31.25
-7.5
28.5
-8.0
28.0
-14.5
28.0
-15.0
28.5
-15.0
30.25
-14.5
30.75
-10.5
30.75
-10.5
31.5
-10.5
33.5
-10.0
34.0
-1.75
34.0
-1.75
38.25
-17.5
38.25
-18.0
39.0
-20.0
39.0
-20.0
37.5
-4.0
37.5
-3.5
37.0
-3.5
35.25
-4.0
34.75
-12.0
34.75
-12.0
32.0
-12.5
31.5
-14.5
31.5
-15.0
32.0
-15.0
34.75
-16.5
34.75
-16.5
31.5
-16.5
28.0
-16.5
26.5
-17.0
26.0
-18.75
26.0
-19.25
26.75
-19.25
31.75
-19.25
34.75
-22.25
34.75
-23.0
35.75
-23.0
38.25
-25.25
38.25
-25.25
34.5
-21.75
34.5
-21.25
34.0
-21.25
32.25
-21.75
31.75
-27.5
31.75
-28.25
32.75
-28.25
36.5
-28.25
38.25
-37.75
38.25
-37.75
36.5
-37.75
27.25
-37.75
18.25
-37.75
13.25
-36.75
13.25
-36.75
16.5
-36.25
17.0
-31.75
17.0
-31.75
18.25
-31.75
23.0
-33.5
23.0
-33.5
18.75
-34.0
18.25
-36.0
18.25
-36.5
18.75
-36.5
25.25
-36.0
25.75
-31.75
25.75
-31.75
27.25
-31.75
30.75
-33.25
30.75
-33.25
27.75
-33.75
27.25
-35.75
27.25
-36.25
27.75
-36.25
36.0
-35.75
36.5
-33.75
36.5
-33.25
36.0
-33.25
33.5
-29.5
33.5
-29.0
33.0
-29.0
31.75
-29.0
30.75
-21.5
30.75
-21.0
30.25
-21.0
28.5
-21.5
28.0
-29.0
28.0
-29.0
26.75
-29.0
19.5
-25.25
19.5
-24.75
19.0
-24.75
17.25
-25.25
16.75
-29.0
16.75
-29.0
16.0
-29.0
15.0
-29.0
11.0
-29.5
10.5
-31.25
10.5
-31.75
11.0
-31.75
14.25
-33.75
14.25
-33.75
11.0
-34.25
10.5
-37.75
10.5
-37.75
9.5
-37.75
3.75
-37.75
3.25
-37.75
0.75
0
28
-36.5
4.25
-36.5
6.0
-36.0
6.5
-33.75
6.5
-33.75
9.0
-33.25
9.5
-31.25
9.5
-30.75
9.0
-30.75
6.5
-26.0
6.5
-26.0
9.5
-26.0
10.5
-26.0
12.25
-27.25
12.25
-27.75
12.75
-27.75
14.5
-27.25
15.0
-21.75
15.0
-21.25
14.5
-21.25
12.75
-21.75
12.25
-23.0
12.25
-23.0
6.5
-16.5
6.5
-16.0
6.0
-16.0
4.25
-16.5
3.75
-36.0
3.75
0
20
-16.75
16.0
-22.25
16.0
-22.75
16.5
-22.75
24.0
-26.25
24.0
-26.75
24.5
-26.75
26.25
-26.25
26.75
-20.5
26.75
-20.0
26.0
-20.0
22.75
-16.75
22.75
-16.25
22.25
-16.25
20.5
-16.75
20.0
-20.0
20.0
-20.0
18.75
-16.75
18.75
-16.25
18.25
-16.25
16.5
0
20
23.0
16.0
17.5
16.0
17.0
16.5
17.0
24.0
13.75
24.0
13.25
24.5
13.25
26.25
13.75
26.75
19.25
26.75
19.75
26.0
19.75
22.75
23.25
22.75
23.75
22.25
23.75
20.5
23.25
20.0
19.75
20.0
19.75
18.75
23.0
18.75
23.5
18.25
23.5
16.5
0
20
-16.75
-24.25
-22.25
-24.25
-22.75
-23.75
-22.75
-16.25
-26.25
-16.25
-26.75
-15.75
-26.75
-14.0
-26.25
-13.5
-20.5
-13.5
-20.0
-14.25
-20.0
-17.5
-16.75
-17.5
-16.25
-18.0
-16.25
-19.75
-16.75
-20.25
-20.0
-20.25
-20.0
-21.5
-16.75
-21.5
-16.25
-22.0
-16.25
-23.75
0
8
32.75
-15.75
32.75
-12.0
33.25
-10.5
35.25
-10.5
35.75
-11.0
35.75
-15.75
35.25
-16.25
33.25
-16.25
0
20
23.0
-24.25
17.5
-24.25
17.0
-23.75
17.0
-16.25
13.75
-16.25
13.25
-15.75
13.25
-14.0
13.75
-13.5
19.25
-13.5
19.75
-14.0
19.75
-17.75
23.0
-17.75
23.5
-18.25
23.5
-20.0
23.0
-20.5
19.75
-20.5
19.75
-21.5
23.0
-21.5
23.5
-22.0
23.5
-23.75
